(kicad_pcb (version 20171130) (host pcbnew "(5.0.0-3-g5ebb6b6)")

  (general
    (thickness 1.6)
    (drawings 0)
    (tracks 0)
    (zones 0)
    (modules 106)
    (nets 161)
  )

  (page A4)
  (layers
    (0 F.Cu signal)
    (31 B.Cu signal)
    (32 B.Adhes user)
    (33 F.Adhes user)
    (34 B.Paste user)
    (35 F.Paste user)
    (36 B.SilkS user)
    (37 F.SilkS user)
    (38 B.Mask user)
    (39 F.Mask user)
    (40 Dwgs.User user)
    (41 Cmts.User user)
    (42 Eco1.User user)
    (43 Eco2.User user)
    (44 Edge.Cuts user)
    (45 Margin user)
    (46 B.CrtYd user)
    (47 F.CrtYd user)
    (48 B.Fab user)
    (49 F.Fab user)
  )

  (setup
    (last_trace_width 0.25)
    (trace_clearance 0.2)
    (zone_clearance 0.508)
    (zone_45_only no)
    (trace_min 0.2)
    (segment_width 0.2)
    (edge_width 0.15)
    (via_size 0.8)
    (via_drill 0.4)
    (via_min_size 0.4)
    (via_min_drill 0.3)
    (uvia_size 0.3)
    (uvia_drill 0.1)
    (uvias_allowed no)
    (uvia_min_size 0.2)
    (uvia_min_drill 0.1)
    (pcb_text_width 0.3)
    (pcb_text_size 1.5 1.5)
    (mod_edge_width 0.15)
    (mod_text_size 1 1)
    (mod_text_width 0.15)
    (pad_size 1.524 1.524)
    (pad_drill 0.762)
    (pad_to_mask_clearance 0.2)
    (aux_axis_origin 0 0)
    (visible_elements FFFFFF7F)
    (pcbplotparams
      (layerselection 0x010fc_ffffffff)
      (usegerberextensions false)
      (usegerberattributes false)
      (usegerberadvancedattributes false)
      (creategerberjobfile false)
      (excludeedgelayer true)
      (linewidth 0.100000)
      (plotframeref false)
      (viasonmask false)
      (mode 1)
      (useauxorigin false)
      (hpglpennumber 1)
      (hpglpenspeed 20)
      (hpglpendiameter 15.000000)
      (psnegative false)
      (psa4output false)
      (plotreference true)
      (plotvalue true)
      (plotinvisibletext false)
      (padsonsilk false)
      (subtractmaskfromsilk false)
      (outputformat 1)
      (mirror false)
      (drillshape 1)
      (scaleselection 1)
      (outputdirectory ""))
  )

  (net 0 "")
  (net 1 VBATT)
  (net 2 VIN)
  (net 3 VCC3V3)
  (net 4 GND)
  (net 5 AVCC)
  (net 6 "Net-(R17-Pad1)")
  (net 7 USBDATA+)
  (net 8 INTB_LED)
  (net 9 SDA_LED)
  (net 10 SCL_LED)
  (net 11 SDB_LED)
  (net 12 "Net-(R5-Pad2)")
  (net 13 "Net-(R6-Pad1)")
  (net 14 "Net-(R7-Pad2)")
  (net 15 "Net-(D36-Pad2)")
  (net 16 "Net-(R10-Pad1)")
  (net 17 "Net-(R11-Pad1)")
  (net 18 "Net-(R18-Pad1)")
  (net 19 USBDATA-)
  (net 20 "Net-(C20-Pad1)")
  (net 21 "Net-(J3-PadR)")
  (net 22 DEBUG_SWDIO)
  (net 23 "Net-(C21-Pad1)")
  (net 24 "Net-(J3-PadT)")
  (net 25 "Net-(L2-Pad2)")
  (net 26 "Net-(C24-Pad2)")
  (net 27 "Net-(U8-Pad4)")
  (net 28 "Net-(D33-Pad2)")
  (net 29 "Net-(D36-Pad1)")
  (net 30 "Net-(U6-Pad5)")
  (net 31 SCL1)
  (net 32 SDA1)
  (net 33 ~UP)
  (net 34 ~DOWN)
  (net 35 ~LEFT)
  (net 36 ~RIGHT)
  (net 37 ~A)
  (net 38 ~B)
  (net 39 ~RESET_TGTMCU)
  (net 40 "Net-(F1-Pad1)")
  (net 41 "Net-(J2-Pad4)")
  (net 42 CS5)
  (net 43 SW9)
  (net 44 SW7)
  (net 45 SW8)
  (net 46 CS6)
  (net 47 CS7)
  (net 48 CS8)
  (net 49 CS1)
  (net 50 SW6)
  (net 51 SW4)
  (net 52 CS2)
  (net 53 CS3)
  (net 54 CS4)
  (net 55 SW3)
  (net 56 SW1)
  (net 57 SW2)
  (net 58 SW12)
  (net 59 SW10)
  (net 60 VA)
  (net 61 SND_SDIN)
  (net 62 SND_SCLK)
  (net 63 SND_LRCLK)
  (net 64 SND_MCLK)
  (net 65 "Net-(C22-Pad1)")
  (net 66 "Net-(C23-Pad1)")
  (net 67 "Net-(C21-Pad2)")
  (net 68 "Net-(C20-Pad2)")
  (net 69 DEBUG_SWDCLK)
  (net 70 "Net-(J7-Pad6)")
  (net 71 "Net-(J7-Pad7)")
  (net 72 "Net-(J7-Pad8)")
  (net 73 "Net-(J5-Pad3)")
  (net 74 "Net-(J5-Pad4)")
  (net 75 "Net-(J5-Pad5)")
  (net 76 "Net-(J5-Pad6)")
  (net 77 "Net-(J5-Pad7)")
  (net 78 "Net-(J5-Pad8)")
  (net 79 "Net-(J5-Pad9)")
  (net 80 "Net-(J5-Pad10)")
  (net 81 "Net-(J5-Pad11)")
  (net 82 "Net-(J5-Pad12)")
  (net 83 "Net-(J5-Pad13)")
  (net 84 "Net-(J5-Pad14)")
  (net 85 "Net-(J5-Pad15)")
  (net 86 "Net-(J5-Pad16)")
  (net 87 "Net-(J5-Pad17)")
  (net 88 "Net-(J5-Pad18)")
  (net 89 "Net-(J5-Pad19)")
  (net 90 "Net-(J5-Pad20)")
  (net 91 "Net-(J5-Pad21)")
  (net 92 "Net-(J5-Pad22)")
  (net 93 DISP_CS)
  (net 94 DISP_SCLK)
  (net 95 DISP_DC)
  (net 96 "Net-(J5-Pad26)")
  (net 97 DISP_SDI_MOSI)
  (net 98 DISP_SDO_MOSI)
  (net 99 "Net-(J5-Pad29)")
  (net 100 TOUCH_CS)
  (net 101 "Net-(J5-Pad31)")
  (net 102 SD_MISO)
  (net 103 SD_SCLK)
  (net 104 SD_MOSI)
  (net 105 SD_CS)
  (net 106 "Net-(J5-Pad36)")
  (net 107 "Net-(J5-Pad37)")
  (net 108 "Net-(J5-Pad38)")
  (net 109 "Net-(J5-Pad39)")
  (net 110 I2C1_SCL)
  (net 111 I2C1_SDA)
  (net 112 "Net-(C15-Pad2)")
  (net 113 "Net-(U1-Pad9)")
  (net 114 "Net-(U1-Pad10)")
  (net 115 "Net-(U1-Pad11)")
  (net 116 "Net-(U1-Pad12)")
  (net 117 "Net-(U1-Pad13)")
  (net 118 "Net-(U1-Pad14)")
  (net 119 "Net-(U1-Pad15)")
  (net 120 "Net-(U1-Pad17)")
  (net 121 "Net-(U1-Pad19)")
  (net 122 "Net-(U1-Pad20)")
  (net 123 "Net-(U1-Pad21)")
  (net 124 "Net-(U1-Pad22)")
  (net 125 "Net-(U1-Pad23)")
  (net 126 "Net-(U1-Pad24)")
  (net 127 "Net-(U1-Pad25)")
  (net 128 "Net-(U1-Pad26)")
  (net 129 "Net-(U1-Pad31)")
  (net 130 "Net-(U1-Pad32)")
  (net 131 "Net-(U1-Pad33)")
  (net 132 "Net-(U1-Pad34)")
  (net 133 "Net-(U1-Pad35)")
  (net 134 "Net-(U1-Pad36)")
  (net 135 "Net-(U1-Pad37)")
  (net 136 "Net-(U1-Pad38)")
  (net 137 "Net-(U1-Pad40)")
  (net 138 "Net-(U1-Pad41)")
  (net 139 "Net-(U1-Pad48)")
  (net 140 "Net-(U1-Pad49)")
  (net 141 "Net-(U1-Pad50)")
  (net 142 "Net-(U1-Pad51)")
  (net 143 "Net-(U1-Pad52)")
  (net 144 "Net-(U1-Pad53)")
  (net 145 "Net-(U1-Pad54)")
  (net 146 "Net-(U1-Pad56)")
  (net 147 "Net-(U1-Pad57)")
  (net 148 "Net-(U1-Pad58)")
  (net 149 "Net-(U1-Pad59)")
  (net 150 "Net-(U1-Pad60)")
  (net 151 "Net-(U1-Pad61)")
  (net 152 "Net-(U1-Pad62)")
  (net 153 "Net-(U1-Pad63)")
  (net 154 "Net-(U1-Pad64)")
  (net 155 "Net-(U1-Pad65)")
  (net 156 "Net-(U1-Pad66)")
  (net 157 "Net-(U2-Pad20)")
  (net 158 "Net-(U2-Pad29)")
  (net 159 "Net-(U2-Pad32)")
  (net 160 SCB_LED)

  (net_class Default "This is the default net class."
    (clearance 0.2)
    (trace_width 0.25)
    (via_dia 0.8)
    (via_drill 0.4)
    (uvia_dia 0.3)
    (uvia_drill 0.1)
    (add_net AVCC)
    (add_net CS1)
    (add_net CS2)
    (add_net CS3)
    (add_net CS4)
    (add_net CS5)
    (add_net CS6)
    (add_net CS7)
    (add_net CS8)
    (add_net DEBUG_SWDCLK)
    (add_net DEBUG_SWDIO)
    (add_net DISP_CS)
    (add_net DISP_DC)
    (add_net DISP_SCLK)
    (add_net DISP_SDI_MOSI)
    (add_net DISP_SDO_MOSI)
    (add_net GND)
    (add_net I2C1_SCL)
    (add_net I2C1_SDA)
    (add_net INTB_LED)
    (add_net "Net-(C15-Pad2)")
    (add_net "Net-(C20-Pad1)")
    (add_net "Net-(C20-Pad2)")
    (add_net "Net-(C21-Pad1)")
    (add_net "Net-(C21-Pad2)")
    (add_net "Net-(C22-Pad1)")
    (add_net "Net-(C23-Pad1)")
    (add_net "Net-(C24-Pad2)")
    (add_net "Net-(D33-Pad2)")
    (add_net "Net-(D36-Pad1)")
    (add_net "Net-(D36-Pad2)")
    (add_net "Net-(F1-Pad1)")
    (add_net "Net-(J2-Pad4)")
    (add_net "Net-(J3-PadR)")
    (add_net "Net-(J3-PadT)")
    (add_net "Net-(J5-Pad10)")
    (add_net "Net-(J5-Pad11)")
    (add_net "Net-(J5-Pad12)")
    (add_net "Net-(J5-Pad13)")
    (add_net "Net-(J5-Pad14)")
    (add_net "Net-(J5-Pad15)")
    (add_net "Net-(J5-Pad16)")
    (add_net "Net-(J5-Pad17)")
    (add_net "Net-(J5-Pad18)")
    (add_net "Net-(J5-Pad19)")
    (add_net "Net-(J5-Pad20)")
    (add_net "Net-(J5-Pad21)")
    (add_net "Net-(J5-Pad22)")
    (add_net "Net-(J5-Pad26)")
    (add_net "Net-(J5-Pad29)")
    (add_net "Net-(J5-Pad3)")
    (add_net "Net-(J5-Pad31)")
    (add_net "Net-(J5-Pad36)")
    (add_net "Net-(J5-Pad37)")
    (add_net "Net-(J5-Pad38)")
    (add_net "Net-(J5-Pad39)")
    (add_net "Net-(J5-Pad4)")
    (add_net "Net-(J5-Pad5)")
    (add_net "Net-(J5-Pad6)")
    (add_net "Net-(J5-Pad7)")
    (add_net "Net-(J5-Pad8)")
    (add_net "Net-(J5-Pad9)")
    (add_net "Net-(J7-Pad6)")
    (add_net "Net-(J7-Pad7)")
    (add_net "Net-(J7-Pad8)")
    (add_net "Net-(L2-Pad2)")
    (add_net "Net-(R10-Pad1)")
    (add_net "Net-(R11-Pad1)")
    (add_net "Net-(R17-Pad1)")
    (add_net "Net-(R18-Pad1)")
    (add_net "Net-(R5-Pad2)")
    (add_net "Net-(R6-Pad1)")
    (add_net "Net-(R7-Pad2)")
    (add_net "Net-(U1-Pad10)")
    (add_net "Net-(U1-Pad11)")
    (add_net "Net-(U1-Pad12)")
    (add_net "Net-(U1-Pad13)")
    (add_net "Net-(U1-Pad14)")
    (add_net "Net-(U1-Pad15)")
    (add_net "Net-(U1-Pad17)")
    (add_net "Net-(U1-Pad19)")
    (add_net "Net-(U1-Pad20)")
    (add_net "Net-(U1-Pad21)")
    (add_net "Net-(U1-Pad22)")
    (add_net "Net-(U1-Pad23)")
    (add_net "Net-(U1-Pad24)")
    (add_net "Net-(U1-Pad25)")
    (add_net "Net-(U1-Pad26)")
    (add_net "Net-(U1-Pad31)")
    (add_net "Net-(U1-Pad32)")
    (add_net "Net-(U1-Pad33)")
    (add_net "Net-(U1-Pad34)")
    (add_net "Net-(U1-Pad35)")
    (add_net "Net-(U1-Pad36)")
    (add_net "Net-(U1-Pad37)")
    (add_net "Net-(U1-Pad38)")
    (add_net "Net-(U1-Pad40)")
    (add_net "Net-(U1-Pad41)")
    (add_net "Net-(U1-Pad48)")
    (add_net "Net-(U1-Pad49)")
    (add_net "Net-(U1-Pad50)")
    (add_net "Net-(U1-Pad51)")
    (add_net "Net-(U1-Pad52)")
    (add_net "Net-(U1-Pad53)")
    (add_net "Net-(U1-Pad54)")
    (add_net "Net-(U1-Pad56)")
    (add_net "Net-(U1-Pad57)")
    (add_net "Net-(U1-Pad58)")
    (add_net "Net-(U1-Pad59)")
    (add_net "Net-(U1-Pad60)")
    (add_net "Net-(U1-Pad61)")
    (add_net "Net-(U1-Pad62)")
    (add_net "Net-(U1-Pad63)")
    (add_net "Net-(U1-Pad64)")
    (add_net "Net-(U1-Pad65)")
    (add_net "Net-(U1-Pad66)")
    (add_net "Net-(U1-Pad9)")
    (add_net "Net-(U2-Pad20)")
    (add_net "Net-(U2-Pad29)")
    (add_net "Net-(U2-Pad32)")
    (add_net "Net-(U6-Pad5)")
    (add_net "Net-(U8-Pad4)")
    (add_net SCB_LED)
    (add_net SCL1)
    (add_net SCL_LED)
    (add_net SDA1)
    (add_net SDA_LED)
    (add_net SDB_LED)
    (add_net SD_CS)
    (add_net SD_MISO)
    (add_net SD_MOSI)
    (add_net SD_SCLK)
    (add_net SND_LRCLK)
    (add_net SND_MCLK)
    (add_net SND_SCLK)
    (add_net SND_SDIN)
    (add_net SW1)
    (add_net SW10)
    (add_net SW12)
    (add_net SW2)
    (add_net SW3)
    (add_net SW4)
    (add_net SW6)
    (add_net SW7)
    (add_net SW8)
    (add_net SW9)
    (add_net TOUCH_CS)
    (add_net USBDATA+)
    (add_net USBDATA-)
    (add_net VA)
    (add_net VBATT)
    (add_net VCC3V3)
    (add_net VIN)
    (add_net ~A)
    (add_net ~B)
    (add_net ~DOWN)
    (add_net ~LEFT)
    (add_net ~RESET_TGTMCU)
    (add_net ~RIGHT)
    (add_net ~UP)
  )

  (module dc27-sao-extras:QFN-40-1EP_5x5mm_P0.4mm_EP3.5x3.5mm (layer F.Cu) (tedit 5BA9B164) (tstamp 5BC1DEBE)
    (at 218 53.6)
    (descr "40-Lead Plastic Quad Flat, No Lead Package (MP) - 5x5 mm Body [QFN]; (see Microchip Packaging Specification 00000049BS.pdf)")
    (tags "QFN 0.4")
    (path /5BD866AF/5BD866E6)
    (attr smd)
    (fp_text reference U2 (at 0 -3.875) (layer F.SilkS)
      (effects (font (size 1 1) (thickness 0.15)))
    )
    (fp_text value IS31FL736 (at 0 3.875) (layer F.Fab)
      (effects (font (size 1 1) (thickness 0.15)))
    )
    (fp_text user %R (at 0 0) (layer F.Fab)
      (effects (font (size 1 1) (thickness 0.15)))
    )
    (fp_line (start -1.5 -2.5) (end 2.5 -2.5) (layer F.Fab) (width 0.15))
    (fp_line (start 2.5 -2.5) (end 2.5 2.5) (layer F.Fab) (width 0.15))
    (fp_line (start 2.5 2.5) (end -2.5 2.5) (layer F.Fab) (width 0.15))
    (fp_line (start -2.5 2.5) (end -2.5 -1.5) (layer F.Fab) (width 0.15))
    (fp_line (start -2.5 -1.5) (end -1.5 -2.5) (layer F.Fab) (width 0.15))
    (fp_line (start -3.15 -3.15) (end -3.15 3.15) (layer F.CrtYd) (width 0.05))
    (fp_line (start 3.15 -3.15) (end 3.15 3.15) (layer F.CrtYd) (width 0.05))
    (fp_line (start -3.15 -3.15) (end 3.15 -3.15) (layer F.CrtYd) (width 0.05))
    (fp_line (start -3.15 3.15) (end 3.15 3.15) (layer F.CrtYd) (width 0.05))
    (fp_line (start 2.675 -2.675) (end 2.675 -2.125) (layer F.SilkS) (width 0.15))
    (fp_line (start -2.675 2.675) (end -2.675 2.125) (layer F.SilkS) (width 0.15))
    (fp_line (start 2.675 2.675) (end 2.675 2.125) (layer F.SilkS) (width 0.15))
    (fp_line (start -2.675 -2.675) (end -2.125 -2.675) (layer F.SilkS) (width 0.15))
    (fp_line (start -2.675 2.675) (end -2.125 2.675) (layer F.SilkS) (width 0.15))
    (fp_line (start 2.675 2.675) (end 2.125 2.675) (layer F.SilkS) (width 0.15))
    (fp_line (start 2.675 -2.675) (end 2.125 -2.675) (layer F.SilkS) (width 0.15))
    (pad 1 smd oval (at -2.5 -1.8) (size 0.8 0.2) (layers F.Cu F.Paste F.Mask)
      (net 56 SW1))
    (pad 2 smd oval (at -2.5 -1.4) (size 0.8 0.2) (layers F.Cu F.Paste F.Mask)
      (net 57 SW2))
    (pad 3 smd oval (at -2.5 -1) (size 0.8 0.2) (layers F.Cu F.Paste F.Mask)
      (net 55 SW3))
    (pad 4 smd oval (at -2.5 -0.6) (size 0.8 0.2) (layers F.Cu F.Paste F.Mask)
      (net 4 GND))
    (pad 5 smd oval (at -2.5 -0.2) (size 0.8 0.2) (layers F.Cu F.Paste F.Mask)
      (net 51 SW4))
    (pad 6 smd oval (at -2.5 0.2) (size 0.8 0.2) (layers F.Cu F.Paste F.Mask)
      (net 49 CS1))
    (pad 7 smd oval (at -2.5 0.6) (size 0.8 0.2) (layers F.Cu F.Paste F.Mask)
      (net 50 SW6))
    (pad 8 smd oval (at -2.5 1) (size 0.8 0.2) (layers F.Cu F.Paste F.Mask)
      (net 44 SW7))
    (pad 9 smd oval (at -2.5 1.4) (size 0.8 0.2) (layers F.Cu F.Paste F.Mask)
      (net 45 SW8))
    (pad 10 smd oval (at -2.5 1.8) (size 0.8 0.2) (layers F.Cu F.Paste F.Mask)
      (net 43 SW9))
    (pad 11 smd oval (at -1.8 2.5 90) (size 0.8 0.2) (layers F.Cu F.Paste F.Mask)
      (net 4 GND))
    (pad 12 smd oval (at -1.4 2.5 90) (size 0.8 0.2) (layers F.Cu F.Paste F.Mask)
      (net 59 SW10))
    (pad 13 smd oval (at -1 2.5 90) (size 0.8 0.2) (layers F.Cu F.Paste F.Mask)
      (net 49 CS1))
    (pad 14 smd oval (at -0.6 2.5 90) (size 0.8 0.2) (layers F.Cu F.Paste F.Mask)
      (net 58 SW12))
    (pad 15 smd oval (at -0.2 2.5 90) (size 0.8 0.2) (layers F.Cu F.Paste F.Mask)
      (net 49 CS1))
    (pad 16 smd oval (at 0.2 2.5 90) (size 0.8 0.2) (layers F.Cu F.Paste F.Mask)
      (net 52 CS2))
    (pad 17 smd oval (at 0.6 2.5 90) (size 0.8 0.2) (layers F.Cu F.Paste F.Mask)
      (net 5 AVCC))
    (pad 18 smd oval (at 1 2.5 90) (size 0.8 0.2) (layers F.Cu F.Paste F.Mask)
      (net 53 CS3))
    (pad 19 smd oval (at 1.4 2.5 90) (size 0.8 0.2) (layers F.Cu F.Paste F.Mask)
      (net 54 CS4))
    (pad 20 smd oval (at 1.8 2.5 90) (size 0.8 0.2) (layers F.Cu F.Paste F.Mask)
      (net 157 "Net-(U2-Pad20)"))
    (pad 21 smd oval (at 2.5 1.8) (size 0.8 0.2) (layers F.Cu F.Paste F.Mask)
      (net 42 CS5))
    (pad 22 smd oval (at 2.5 1.4) (size 0.8 0.2) (layers F.Cu F.Paste F.Mask)
      (net 46 CS6))
    (pad 23 smd oval (at 2.5 1) (size 0.8 0.2) (layers F.Cu F.Paste F.Mask)
      (net 5 AVCC))
    (pad 24 smd oval (at 2.5 0.6) (size 0.8 0.2) (layers F.Cu F.Paste F.Mask)
      (net 47 CS7))
    (pad 25 smd oval (at 2.5 0.2) (size 0.8 0.2) (layers F.Cu F.Paste F.Mask)
      (net 48 CS8))
    (pad 26 smd oval (at 2.5 -0.2) (size 0.8 0.2) (layers F.Cu F.Paste F.Mask)
      (net 4 GND))
    (pad 27 smd oval (at 2.5 -0.6) (size 0.8 0.2) (layers F.Cu F.Paste F.Mask)
      (net 5 AVCC))
    (pad 28 smd oval (at 2.5 -1) (size 0.8 0.2) (layers F.Cu F.Paste F.Mask)
      (net 5 AVCC))
    (pad 29 smd oval (at 2.5 -1.4) (size 0.8 0.2) (layers F.Cu F.Paste F.Mask)
      (net 158 "Net-(U2-Pad29)"))
    (pad 30 smd oval (at 2.5 -1.8) (size 0.8 0.2) (layers F.Cu F.Paste F.Mask)
      (net 12 "Net-(R5-Pad2)"))
    (pad 31 smd oval (at 1.8 -2.5 90) (size 0.8 0.2) (layers F.Cu F.Paste F.Mask)
      (net 3 VCC3V3))
    (pad 32 smd oval (at 1.4 -2.5 90) (size 0.8 0.2) (layers F.Cu F.Paste F.Mask)
      (net 159 "Net-(U2-Pad32)"))
    (pad 33 smd oval (at 1 -2.5 90) (size 0.8 0.2) (layers F.Cu F.Paste F.Mask)
      (net 9 SDA_LED))
    (pad 34 smd oval (at 0.6 -2.5 90) (size 0.8 0.2) (layers F.Cu F.Paste F.Mask)
      (net 10 SCL_LED))
    (pad 35 smd oval (at 0.2 -2.5 90) (size 0.8 0.2) (layers F.Cu F.Paste F.Mask)
      (net 4 GND))
    (pad 36 smd oval (at -0.2 -2.5 90) (size 0.8 0.2) (layers F.Cu F.Paste F.Mask)
      (net 4 GND))
    (pad 37 smd oval (at -0.6 -2.5 90) (size 0.8 0.2) (layers F.Cu F.Paste F.Mask)
      (net 8 INTB_LED))
    (pad 38 smd oval (at -1 -2.5 90) (size 0.8 0.2) (layers F.Cu F.Paste F.Mask)
      (net 160 SCB_LED))
    (pad 39 smd oval (at -1.4 -2.5 90) (size 0.8 0.2) (layers F.Cu F.Paste F.Mask)
      (net 13 "Net-(R6-Pad1)"))
    (pad 40 smd oval (at -1.8 -2.5 90) (size 0.8 0.2) (layers F.Cu F.Paste F.Mask)
      (net 4 GND))
    (pad "" smd rect (at -1.2 1.2) (size 0.97 0.97) (layers F.Paste))
    (pad 41 smd rect (at 0 0) (size 3.5 3.5) (layers F.Cu F.Mask)
      (net 4 GND))
    (pad "" smd rect (at 0 1.2) (size 0.97 0.97) (layers F.Paste))
    (pad "" smd rect (at 1.2 1.2) (size 0.97 0.97) (layers F.Paste))
    (pad "" smd rect (at 0 0) (size 0.97 0.97) (layers F.Paste))
    (pad "" smd rect (at -1.2 0) (size 0.97 0.97) (layers F.Paste))
    (pad "" smd rect (at 1.2 0) (size 0.97 0.97) (layers F.Paste))
    (pad "" smd rect (at 1.2 -1.2) (size 0.97 0.97) (layers F.Paste))
    (pad "" smd rect (at 0 -1.2) (size 0.97 0.97) (layers F.Paste))
    (pad "" smd rect (at -1.2 -1.2) (size 0.97 0.97) (layers F.Paste))
    (model ${KISYS3DMOD}/Package_DFN_QFN.3dshapes/QFN-40-1EP_5x5mm_P0.4mm_EP3.6x3.6mm.wrl
      (at (xyz 0 0 0))
      (scale (xyz 1 1 1))
      (rotate (xyz 0 0 0))
    )
  )

  (module BMD-340-A-R:RIGADO_BMD-340-A-R (layer F.Cu) (tedit 0) (tstamp 5BC1F414)
    (at 71 53.2)
    (path /5BB20AB5)
    (attr smd)
    (fp_text reference U1 (at -5.23628 -5.9147) (layer F.SilkS)
      (effects (font (size 1.00505 1.00505) (thickness 0.05)))
    )
    (fp_text value BMD-340-A-R (at -4.59823 6.39729) (layer F.SilkS)
      (effects (font (size 1.00507 1.00507) (thickness 0.05)))
    )
    (fp_line (start 7.5 -5.1) (end 7.5 5.1) (layer F.SilkS) (width 0.127))
    (fp_line (start -7.5 -5.1) (end 7.5 -5.1) (layer Dwgs.User) (width 0.127))
    (fp_line (start 7.5 -5.1) (end 7.5 5.1) (layer Dwgs.User) (width 0.127))
    (fp_line (start 7.5 5.1) (end -7.5 5.1) (layer Dwgs.User) (width 0.127))
    (fp_line (start -7.5 5.1) (end -7.5 -5.1) (layer Dwgs.User) (width 0.127))
    (fp_line (start 7.5 -5.1) (end -2.8 -5.1) (layer F.SilkS) (width 0.127))
    (fp_line (start -2.8 5.1) (end 7.5 5.1) (layer F.SilkS) (width 0.127))
    (fp_line (start -7.75 5.35) (end 7.75 5.35) (layer Eco1.User) (width 0.05))
    (fp_line (start 7.75 5.35) (end 7.75 -5.35) (layer Eco1.User) (width 0.05))
    (fp_line (start 7.75 -5.35) (end -7.75 -5.35) (layer Eco1.User) (width 0.05))
    (fp_line (start -7.75 -5.35) (end -7.75 5.35) (layer Eco1.User) (width 0.05))
    (fp_circle (center -2.85 5.5) (end -2.75 5.5) (layer F.SilkS) (width 0.2))
    (fp_circle (center -2.85 4.4) (end -2.75 4.4) (layer Dwgs.User) (width 0.2))
    (fp_poly (pts (xy -7.52715 -5.1) (xy -3.1 -5.1) (xy -3.1 5.11846) (xy -7.52715 5.11846)) (layer Dwgs.User) (width 0))
    (fp_poly (pts (xy -7.52634 -5.1) (xy -3.1 -5.1) (xy -3.1 5.11791) (xy -7.52634 5.11791)) (layer Dwgs.User) (width 0))
    (pad 1 smd rect (at -2.85 4.4) (size 0.5 0.5) (layers F.Cu F.Paste F.Mask)
      (net 4 GND))
    (pad 2 smd rect (at -2.3 3.5) (size 0.5 0.5) (layers F.Cu F.Paste F.Mask)
      (net 4 GND))
    (pad 3 smd rect (at -1.75 4.4) (size 0.5 0.5) (layers F.Cu F.Paste F.Mask)
      (net 4 GND))
    (pad 4 smd rect (at -1.2 3.5) (size 0.5 0.5) (layers F.Cu F.Paste F.Mask)
      (net 4 GND))
    (pad 5 smd rect (at -0.65 4.4) (size 0.5 0.5) (layers F.Cu F.Paste F.Mask)
      (net 4 GND))
    (pad 6 smd rect (at -0.1 3.5) (size 0.5 0.5) (layers F.Cu F.Paste F.Mask)
      (net 36 ~RIGHT))
    (pad 7 smd rect (at 0.45 4.4) (size 0.5 0.5) (layers F.Cu F.Paste F.Mask)
      (net 37 ~A))
    (pad 8 smd rect (at 1 3.5) (size 0.5 0.5) (layers F.Cu F.Paste F.Mask)
      (net 38 ~B))
    (pad 9 smd rect (at 1.55 4.4) (size 0.5 0.5) (layers F.Cu F.Paste F.Mask)
      (net 113 "Net-(U1-Pad9)"))
    (pad 10 smd rect (at 2.1 3.5) (size 0.5 0.5) (layers F.Cu F.Paste F.Mask)
      (net 114 "Net-(U1-Pad10)"))
    (pad 11 smd rect (at 2.65 4.4) (size 0.5 0.5) (layers F.Cu F.Paste F.Mask)
      (net 115 "Net-(U1-Pad11)"))
    (pad 12 smd rect (at 3.2 3.5) (size 0.5 0.5) (layers F.Cu F.Paste F.Mask)
      (net 116 "Net-(U1-Pad12)"))
    (pad 13 smd rect (at 3.75 4.4) (size 0.5 0.5) (layers F.Cu F.Paste F.Mask)
      (net 117 "Net-(U1-Pad13)"))
    (pad 14 smd rect (at 4.3 3.5) (size 0.5 0.5) (layers F.Cu F.Paste F.Mask)
      (net 118 "Net-(U1-Pad14)"))
    (pad 15 smd rect (at 4.85 4.4) (size 0.5 0.5) (layers F.Cu F.Paste F.Mask)
      (net 119 "Net-(U1-Pad15)"))
    (pad 16 smd rect (at 5.95 4.4) (size 0.5 0.5) (layers F.Cu F.Paste F.Mask)
      (net 4 GND))
    (pad 17 smd rect (at 5.95 3.3) (size 0.5 0.5) (layers F.Cu F.Paste F.Mask)
      (net 120 "Net-(U1-Pad17)"))
    (pad 18 smd rect (at 5.05 2.75) (size 0.5 0.5) (layers F.Cu F.Paste F.Mask)
      (net 4 GND))
    (pad 19 smd rect (at 5.95 2.2) (size 0.5 0.5) (layers F.Cu F.Paste F.Mask)
      (net 121 "Net-(U1-Pad19)"))
    (pad 20 smd rect (at 5.05 1.65) (size 0.5 0.5) (layers F.Cu F.Paste F.Mask)
      (net 122 "Net-(U1-Pad20)"))
    (pad 21 smd rect (at 5.95 1.1) (size 0.5 0.5) (layers F.Cu F.Paste F.Mask)
      (net 123 "Net-(U1-Pad21)"))
    (pad 22 smd rect (at 5.05 0.55) (size 0.5 0.5) (layers F.Cu F.Paste F.Mask)
      (net 124 "Net-(U1-Pad22)"))
    (pad 23 smd rect (at 5.95 0) (size 0.5 0.5) (layers F.Cu F.Paste F.Mask)
      (net 125 "Net-(U1-Pad23)"))
    (pad 24 smd rect (at 5.05 -0.55) (size 0.5 0.5) (layers F.Cu F.Paste F.Mask)
      (net 126 "Net-(U1-Pad24)"))
    (pad 25 smd rect (at 5.95 -1.1) (size 0.5 0.5) (layers F.Cu F.Paste F.Mask)
      (net 127 "Net-(U1-Pad25)"))
    (pad 26 smd rect (at 5.05 -1.65) (size 0.5 0.5) (layers F.Cu F.Paste F.Mask)
      (net 128 "Net-(U1-Pad26)"))
    (pad 27 smd rect (at 5.95 -2.2) (size 0.5 0.5) (layers F.Cu F.Paste F.Mask)
      (net 33 ~UP))
    (pad 28 smd rect (at 5.05 -2.75) (size 0.5 0.5) (layers F.Cu F.Paste F.Mask)
      (net 34 ~DOWN))
    (pad 29 smd rect (at 5.95 -3.3) (size 0.5 0.5) (layers F.Cu F.Paste F.Mask)
      (net 4 GND))
    (pad 30 smd rect (at 5.95 -4.4) (size 0.5 0.5) (layers F.Cu F.Paste F.Mask)
      (net 4 GND))
    (pad 31 smd rect (at 4.85 -4.4) (size 0.5 0.5) (layers F.Cu F.Paste F.Mask)
      (net 129 "Net-(U1-Pad31)"))
    (pad 32 smd rect (at 4.3 -3.5) (size 0.5 0.5) (layers F.Cu F.Paste F.Mask)
      (net 130 "Net-(U1-Pad32)"))
    (pad 33 smd rect (at 3.75 -4.4) (size 0.5 0.5) (layers F.Cu F.Paste F.Mask)
      (net 131 "Net-(U1-Pad33)"))
    (pad 34 smd rect (at 3.2 -3.5) (size 0.5 0.5) (layers F.Cu F.Paste F.Mask)
      (net 132 "Net-(U1-Pad34)"))
    (pad 35 smd rect (at 2.65 -4.4) (size 0.5 0.5) (layers F.Cu F.Paste F.Mask)
      (net 133 "Net-(U1-Pad35)"))
    (pad 36 smd rect (at 2.1 -3.5) (size 0.5 0.5) (layers F.Cu F.Paste F.Mask)
      (net 134 "Net-(U1-Pad36)"))
    (pad 37 smd rect (at 1.55 -4.4) (size 0.5 0.5) (layers F.Cu F.Paste F.Mask)
      (net 135 "Net-(U1-Pad37)"))
    (pad 38 smd rect (at 1 -3.5) (size 0.5 0.5) (layers F.Cu F.Paste F.Mask)
      (net 136 "Net-(U1-Pad38)"))
    (pad 39 smd rect (at 0.45 -4.4) (size 0.5 0.5) (layers F.Cu F.Paste F.Mask)
      (net 39 ~RESET_TGTMCU))
    (pad 40 smd rect (at -0.1 -3.5) (size 0.5 0.5) (layers F.Cu F.Paste F.Mask)
      (net 137 "Net-(U1-Pad40)"))
    (pad 41 smd rect (at -0.65 -4.4) (size 0.5 0.5) (layers F.Cu F.Paste F.Mask)
      (net 138 "Net-(U1-Pad41)"))
    (pad 42 smd rect (at -1.2 -3.5) (size 0.5 0.5) (layers F.Cu F.Paste F.Mask)
      (net 35 ~LEFT))
    (pad 43 smd rect (at -1.75 -4.4) (size 0.5 0.5) (layers F.Cu F.Paste F.Mask)
      (net 69 DEBUG_SWDCLK))
    (pad 44 smd rect (at -2.3 -3.5) (size 0.5 0.5) (layers F.Cu F.Paste F.Mask)
      (net 22 DEBUG_SWDIO))
    (pad 45 smd rect (at -2.85 -4.4) (size 0.5 0.5) (layers F.Cu F.Paste F.Mask)
      (net 4 GND))
    (pad 46 smd rect (at -2.85 -1.65) (size 0.5 0.5) (layers F.Cu F.Paste F.Mask)
      (net 4 GND))
    (pad 47 smd rect (at -2.85 1.65) (size 0.5 0.5) (layers F.Cu F.Paste F.Mask)
      (net 4 GND))
    (pad 48 smd rect (at -1.75 2.6) (size 0.5 0.5) (layers F.Cu F.Paste F.Mask)
      (net 139 "Net-(U1-Pad48)"))
    (pad 49 smd rect (at -0.65 2.6) (size 0.5 0.5) (layers F.Cu F.Paste F.Mask)
      (net 140 "Net-(U1-Pad49)"))
    (pad 50 smd rect (at 0.45 2.6) (size 0.5 0.5) (layers F.Cu F.Paste F.Mask)
      (net 141 "Net-(U1-Pad50)"))
    (pad 51 smd rect (at 1.55 2.6) (size 0.5 0.5) (layers F.Cu F.Paste F.Mask)
      (net 142 "Net-(U1-Pad51)"))
    (pad 52 smd rect (at 2.65 2.6) (size 0.5 0.5) (layers F.Cu F.Paste F.Mask)
      (net 143 "Net-(U1-Pad52)"))
    (pad 53 smd rect (at 4.15 1.1) (size 0.5 0.5) (layers F.Cu F.Paste F.Mask)
      (net 144 "Net-(U1-Pad53)"))
    (pad 54 smd rect (at 4.15 0) (size 0.5 0.5) (layers F.Cu F.Paste F.Mask)
      (net 145 "Net-(U1-Pad54)"))
    (pad 55 smd rect (at 4.15 -1.1) (size 0.5 0.5) (layers F.Cu F.Paste F.Mask)
      (net 4 GND))
    (pad 56 smd rect (at 2.65 -2.6) (size 0.5 0.5) (layers F.Cu F.Paste F.Mask)
      (net 146 "Net-(U1-Pad56)"))
    (pad 57 smd rect (at 1.55 -2.6) (size 0.5 0.5) (layers F.Cu F.Paste F.Mask)
      (net 147 "Net-(U1-Pad57)"))
    (pad 58 smd rect (at 0.45 -2.6) (size 0.5 0.5) (layers F.Cu F.Paste F.Mask)
      (net 148 "Net-(U1-Pad58)"))
    (pad 59 smd rect (at -0.65 -2.6) (size 0.5 0.5) (layers F.Cu F.Paste F.Mask)
      (net 149 "Net-(U1-Pad59)"))
    (pad 60 smd rect (at -1.75 -2.6) (size 0.5 0.5) (layers F.Cu F.Paste F.Mask)
      (net 150 "Net-(U1-Pad60)"))
    (pad 61 smd rect (at 6.85 3.85) (size 0.5 0.5) (layers F.Cu F.Paste F.Mask)
      (net 151 "Net-(U1-Pad61)"))
    (pad 62 smd rect (at 6.85 2.75) (size 0.5 0.5) (layers F.Cu F.Paste F.Mask)
      (net 152 "Net-(U1-Pad62)"))
    (pad 63 smd rect (at 6.85 1.65) (size 0.5 0.5) (layers F.Cu F.Paste F.Mask)
      (net 153 "Net-(U1-Pad63)"))
    (pad 64 smd rect (at 6.85 0.55) (size 0.5 0.5) (layers F.Cu F.Paste F.Mask)
      (net 154 "Net-(U1-Pad64)"))
    (pad 65 smd rect (at 6.85 -0.55) (size 0.5 0.5) (layers F.Cu F.Paste F.Mask)
      (net 155 "Net-(U1-Pad65)"))
    (pad 66 smd rect (at 6.85 -1.65) (size 0.5 0.5) (layers F.Cu F.Paste F.Mask)
      (net 156 "Net-(U1-Pad66)"))
    (pad 67 smd rect (at 6.85 -2.75) (size 0.5 0.5) (layers F.Cu F.Paste F.Mask)
      (net 18 "Net-(R18-Pad1)"))
    (pad 68 smd rect (at 6.85 -3.85) (size 0.5 0.5) (layers F.Cu F.Paste F.Mask)
      (net 6 "Net-(R17-Pad1)"))
  )

  (module Capacitor_SMD:C_0603_1608Metric (layer F.Cu) (tedit 5B301BBE) (tstamp 5BA9D421)
    (at 177.645001 59.685001)
    (descr "Capacitor SMD 0603 (1608 Metric), square (rectangular) end terminal, IPC_7351 nominal, (Body size source: http://www.tortai-tech.com/upload/download/2011102023233369053.pdf), generated with kicad-footprint-generator")
    (tags capacitor)
    (path /5BD866AF/5BDAD420)
    (attr smd)
    (fp_text reference C1 (at 0 -1.43) (layer F.SilkS)
      (effects (font (size 1 1) (thickness 0.15)))
    )
    (fp_text value 0.47uF (at 0 1.43) (layer F.Fab)
      (effects (font (size 1 1) (thickness 0.15)))
    )
    (fp_text user %R (at 0 0) (layer F.Fab)
      (effects (font (size 0.4 0.4) (thickness 0.06)))
    )
    (fp_line (start 1.48 0.73) (end -1.48 0.73) (layer F.CrtYd) (width 0.05))
    (fp_line (start 1.48 -0.73) (end 1.48 0.73) (layer F.CrtYd) (width 0.05))
    (fp_line (start -1.48 -0.73) (end 1.48 -0.73) (layer F.CrtYd) (width 0.05))
    (fp_line (start -1.48 0.73) (end -1.48 -0.73) (layer F.CrtYd) (width 0.05))
    (fp_line (start -0.162779 0.51) (end 0.162779 0.51) (layer F.SilkS) (width 0.12))
    (fp_line (start -0.162779 -0.51) (end 0.162779 -0.51) (layer F.SilkS) (width 0.12))
    (fp_line (start 0.8 0.4) (end -0.8 0.4) (layer F.Fab) (width 0.1))
    (fp_line (start 0.8 -0.4) (end 0.8 0.4) (layer F.Fab) (width 0.1))
    (fp_line (start -0.8 -0.4) (end 0.8 -0.4) (layer F.Fab) (width 0.1))
    (fp_line (start -0.8 0.4) (end -0.8 -0.4) (layer F.Fab) (width 0.1))
    (pad 2 smd roundrect (at 0.7875 0) (size 0.875 0.95) (layers F.Cu F.Paste F.Mask) (roundrect_rratio 0.25)
      (net 4 GND))
    (pad 1 smd roundrect (at -0.7875 0) (size 0.875 0.95) (layers F.Cu F.Paste F.Mask) (roundrect_rratio 0.25)
      (net 5 AVCC))
    (model ${KISYS3DMOD}/Capacitor_SMD.3dshapes/C_0603_1608Metric.wrl
      (at (xyz 0 0 0))
      (scale (xyz 1 1 1))
      (rotate (xyz 0 0 0))
    )
  )

  (module Capacitor_SMD:C_0603_1608Metric (layer F.Cu) (tedit 5B301BBE) (tstamp 5BA9D410)
    (at 157.035001 65.485001)
    (descr "Capacitor SMD 0603 (1608 Metric), square (rectangular) end terminal, IPC_7351 nominal, (Body size source: http://www.tortai-tech.com/upload/download/2011102023233369053.pdf), generated with kicad-footprint-generator")
    (tags capacitor)
    (path /5BA3F217/5BADF3B4)
    (attr smd)
    (fp_text reference C24 (at 0 -1.43) (layer F.SilkS)
      (effects (font (size 1 1) (thickness 0.15)))
    )
    (fp_text value 0.1uF (at 0 1.43) (layer F.Fab)
      (effects (font (size 1 1) (thickness 0.15)))
    )
    (fp_line (start -0.8 0.4) (end -0.8 -0.4) (layer F.Fab) (width 0.1))
    (fp_line (start -0.8 -0.4) (end 0.8 -0.4) (layer F.Fab) (width 0.1))
    (fp_line (start 0.8 -0.4) (end 0.8 0.4) (layer F.Fab) (width 0.1))
    (fp_line (start 0.8 0.4) (end -0.8 0.4) (layer F.Fab) (width 0.1))
    (fp_line (start -0.162779 -0.51) (end 0.162779 -0.51) (layer F.SilkS) (width 0.12))
    (fp_line (start -0.162779 0.51) (end 0.162779 0.51) (layer F.SilkS) (width 0.12))
    (fp_line (start -1.48 0.73) (end -1.48 -0.73) (layer F.CrtYd) (width 0.05))
    (fp_line (start -1.48 -0.73) (end 1.48 -0.73) (layer F.CrtYd) (width 0.05))
    (fp_line (start 1.48 -0.73) (end 1.48 0.73) (layer F.CrtYd) (width 0.05))
    (fp_line (start 1.48 0.73) (end -1.48 0.73) (layer F.CrtYd) (width 0.05))
    (fp_text user %R (at 0 0) (layer F.Fab)
      (effects (font (size 0.4 0.4) (thickness 0.06)))
    )
    (pad 1 smd roundrect (at -0.7875 0) (size 0.875 0.95) (layers F.Cu F.Paste F.Mask) (roundrect_rratio 0.25)
      (net 2 VIN))
    (pad 2 smd roundrect (at 0.7875 0) (size 0.875 0.95) (layers F.Cu F.Paste F.Mask) (roundrect_rratio 0.25)
      (net 26 "Net-(C24-Pad2)"))
    (model ${KISYS3DMOD}/Capacitor_SMD.3dshapes/C_0603_1608Metric.wrl
      (at (xyz 0 0 0))
      (scale (xyz 1 1 1))
      (rotate (xyz 0 0 0))
    )
  )

  (module Capacitor_SMD:C_0603_1608Metric (layer F.Cu) (tedit 5B301BBE) (tstamp 5BA9D3FF)
    (at 177.645001 58.175001)
    (descr "Capacitor SMD 0603 (1608 Metric), square (rectangular) end terminal, IPC_7351 nominal, (Body size source: http://www.tortai-tech.com/upload/download/2011102023233369053.pdf), generated with kicad-footprint-generator")
    (tags capacitor)
    (path /5BD866AF/5BDAD49F)
    (attr smd)
    (fp_text reference C2 (at 0 -1.43) (layer F.SilkS)
      (effects (font (size 1 1) (thickness 0.15)))
    )
    (fp_text value 0.1uF (at 0 1.43) (layer F.Fab)
      (effects (font (size 1 1) (thickness 0.15)))
    )
    (fp_text user %R (at 0 0) (layer F.Fab)
      (effects (font (size 0.4 0.4) (thickness 0.06)))
    )
    (fp_line (start 1.48 0.73) (end -1.48 0.73) (layer F.CrtYd) (width 0.05))
    (fp_line (start 1.48 -0.73) (end 1.48 0.73) (layer F.CrtYd) (width 0.05))
    (fp_line (start -1.48 -0.73) (end 1.48 -0.73) (layer F.CrtYd) (width 0.05))
    (fp_line (start -1.48 0.73) (end -1.48 -0.73) (layer F.CrtYd) (width 0.05))
    (fp_line (start -0.162779 0.51) (end 0.162779 0.51) (layer F.SilkS) (width 0.12))
    (fp_line (start -0.162779 -0.51) (end 0.162779 -0.51) (layer F.SilkS) (width 0.12))
    (fp_line (start 0.8 0.4) (end -0.8 0.4) (layer F.Fab) (width 0.1))
    (fp_line (start 0.8 -0.4) (end 0.8 0.4) (layer F.Fab) (width 0.1))
    (fp_line (start -0.8 -0.4) (end 0.8 -0.4) (layer F.Fab) (width 0.1))
    (fp_line (start -0.8 0.4) (end -0.8 -0.4) (layer F.Fab) (width 0.1))
    (pad 2 smd roundrect (at 0.7875 0) (size 0.875 0.95) (layers F.Cu F.Paste F.Mask) (roundrect_rratio 0.25)
      (net 4 GND))
    (pad 1 smd roundrect (at -0.7875 0) (size 0.875 0.95) (layers F.Cu F.Paste F.Mask) (roundrect_rratio 0.25)
      (net 5 AVCC))
    (model ${KISYS3DMOD}/Capacitor_SMD.3dshapes/C_0603_1608Metric.wrl
      (at (xyz 0 0 0))
      (scale (xyz 1 1 1))
      (rotate (xyz 0 0 0))
    )
  )

  (module Capacitor_SMD:C_0603_1608Metric (layer F.Cu) (tedit 5B301BBE) (tstamp 5BA9D3EE)
    (at 174.635001 59.685001)
    (descr "Capacitor SMD 0603 (1608 Metric), square (rectangular) end terminal, IPC_7351 nominal, (Body size source: http://www.tortai-tech.com/upload/download/2011102023233369053.pdf), generated with kicad-footprint-generator")
    (tags capacitor)
    (path /5BD866AF/5BDAF5E8)
    (attr smd)
    (fp_text reference C3 (at 0 -1.43) (layer F.SilkS)
      (effects (font (size 1 1) (thickness 0.15)))
    )
    (fp_text value 0.47uF (at 0 1.43) (layer F.Fab)
      (effects (font (size 1 1) (thickness 0.15)))
    )
    (fp_line (start -0.8 0.4) (end -0.8 -0.4) (layer F.Fab) (width 0.1))
    (fp_line (start -0.8 -0.4) (end 0.8 -0.4) (layer F.Fab) (width 0.1))
    (fp_line (start 0.8 -0.4) (end 0.8 0.4) (layer F.Fab) (width 0.1))
    (fp_line (start 0.8 0.4) (end -0.8 0.4) (layer F.Fab) (width 0.1))
    (fp_line (start -0.162779 -0.51) (end 0.162779 -0.51) (layer F.SilkS) (width 0.12))
    (fp_line (start -0.162779 0.51) (end 0.162779 0.51) (layer F.SilkS) (width 0.12))
    (fp_line (start -1.48 0.73) (end -1.48 -0.73) (layer F.CrtYd) (width 0.05))
    (fp_line (start -1.48 -0.73) (end 1.48 -0.73) (layer F.CrtYd) (width 0.05))
    (fp_line (start 1.48 -0.73) (end 1.48 0.73) (layer F.CrtYd) (width 0.05))
    (fp_line (start 1.48 0.73) (end -1.48 0.73) (layer F.CrtYd) (width 0.05))
    (fp_text user %R (at 0 0) (layer F.Fab)
      (effects (font (size 0.4 0.4) (thickness 0.06)))
    )
    (pad 1 smd roundrect (at -0.7875 0) (size 0.875 0.95) (layers F.Cu F.Paste F.Mask) (roundrect_rratio 0.25)
      (net 5 AVCC))
    (pad 2 smd roundrect (at 0.7875 0) (size 0.875 0.95) (layers F.Cu F.Paste F.Mask) (roundrect_rratio 0.25)
      (net 4 GND))
    (model ${KISYS3DMOD}/Capacitor_SMD.3dshapes/C_0603_1608Metric.wrl
      (at (xyz 0 0 0))
      (scale (xyz 1 1 1))
      (rotate (xyz 0 0 0))
    )
  )

  (module Capacitor_SMD:C_0603_1608Metric (layer F.Cu) (tedit 5B301BBE) (tstamp 5BA9D3DD)
    (at 180.655001 55.155001)
    (descr "Capacitor SMD 0603 (1608 Metric), square (rectangular) end terminal, IPC_7351 nominal, (Body size source: http://www.tortai-tech.com/upload/download/2011102023233369053.pdf), generated with kicad-footprint-generator")
    (tags capacitor)
    (path /5BD866AF/5BDAF5EE)
    (attr smd)
    (fp_text reference C4 (at 0 -1.43) (layer F.SilkS)
      (effects (font (size 1 1) (thickness 0.15)))
    )
    (fp_text value 0.1uF (at 0 1.43) (layer F.Fab)
      (effects (font (size 1 1) (thickness 0.15)))
    )
    (fp_text user %R (at 0 0) (layer F.Fab)
      (effects (font (size 0.4 0.4) (thickness 0.06)))
    )
    (fp_line (start 1.48 0.73) (end -1.48 0.73) (layer F.CrtYd) (width 0.05))
    (fp_line (start 1.48 -0.73) (end 1.48 0.73) (layer F.CrtYd) (width 0.05))
    (fp_line (start -1.48 -0.73) (end 1.48 -0.73) (layer F.CrtYd) (width 0.05))
    (fp_line (start -1.48 0.73) (end -1.48 -0.73) (layer F.CrtYd) (width 0.05))
    (fp_line (start -0.162779 0.51) (end 0.162779 0.51) (layer F.SilkS) (width 0.12))
    (fp_line (start -0.162779 -0.51) (end 0.162779 -0.51) (layer F.SilkS) (width 0.12))
    (fp_line (start 0.8 0.4) (end -0.8 0.4) (layer F.Fab) (width 0.1))
    (fp_line (start 0.8 -0.4) (end 0.8 0.4) (layer F.Fab) (width 0.1))
    (fp_line (start -0.8 -0.4) (end 0.8 -0.4) (layer F.Fab) (width 0.1))
    (fp_line (start -0.8 0.4) (end -0.8 -0.4) (layer F.Fab) (width 0.1))
    (pad 2 smd roundrect (at 0.7875 0) (size 0.875 0.95) (layers F.Cu F.Paste F.Mask) (roundrect_rratio 0.25)
      (net 4 GND))
    (pad 1 smd roundrect (at -0.7875 0) (size 0.875 0.95) (layers F.Cu F.Paste F.Mask) (roundrect_rratio 0.25)
      (net 5 AVCC))
    (model ${KISYS3DMOD}/Capacitor_SMD.3dshapes/C_0603_1608Metric.wrl
      (at (xyz 0 0 0))
      (scale (xyz 1 1 1))
      (rotate (xyz 0 0 0))
    )
  )

  (module Capacitor_SMD:C_0603_1608Metric (layer F.Cu) (tedit 5B301BBE) (tstamp 5BA9D3CC)
    (at 177.645001 56.665001)
    (descr "Capacitor SMD 0603 (1608 Metric), square (rectangular) end terminal, IPC_7351 nominal, (Body size source: http://www.tortai-tech.com/upload/download/2011102023233369053.pdf), generated with kicad-footprint-generator")
    (tags capacitor)
    (path /5BD866AF/5BDAFD53)
    (attr smd)
    (fp_text reference C5 (at 0 -1.43) (layer F.SilkS)
      (effects (font (size 1 1) (thickness 0.15)))
    )
    (fp_text value 0.47uF (at 0 1.43) (layer F.Fab)
      (effects (font (size 1 1) (thickness 0.15)))
    )
    (fp_line (start -0.8 0.4) (end -0.8 -0.4) (layer F.Fab) (width 0.1))
    (fp_line (start -0.8 -0.4) (end 0.8 -0.4) (layer F.Fab) (width 0.1))
    (fp_line (start 0.8 -0.4) (end 0.8 0.4) (layer F.Fab) (width 0.1))
    (fp_line (start 0.8 0.4) (end -0.8 0.4) (layer F.Fab) (width 0.1))
    (fp_line (start -0.162779 -0.51) (end 0.162779 -0.51) (layer F.SilkS) (width 0.12))
    (fp_line (start -0.162779 0.51) (end 0.162779 0.51) (layer F.SilkS) (width 0.12))
    (fp_line (start -1.48 0.73) (end -1.48 -0.73) (layer F.CrtYd) (width 0.05))
    (fp_line (start -1.48 -0.73) (end 1.48 -0.73) (layer F.CrtYd) (width 0.05))
    (fp_line (start 1.48 -0.73) (end 1.48 0.73) (layer F.CrtYd) (width 0.05))
    (fp_line (start 1.48 0.73) (end -1.48 0.73) (layer F.CrtYd) (width 0.05))
    (fp_text user %R (at 0 0) (layer F.Fab)
      (effects (font (size 0.4 0.4) (thickness 0.06)))
    )
    (pad 1 smd roundrect (at -0.7875 0) (size 0.875 0.95) (layers F.Cu F.Paste F.Mask) (roundrect_rratio 0.25)
      (net 5 AVCC))
    (pad 2 smd roundrect (at 0.7875 0) (size 0.875 0.95) (layers F.Cu F.Paste F.Mask) (roundrect_rratio 0.25)
      (net 4 GND))
    (model ${KISYS3DMOD}/Capacitor_SMD.3dshapes/C_0603_1608Metric.wrl
      (at (xyz 0 0 0))
      (scale (xyz 1 1 1))
      (rotate (xyz 0 0 0))
    )
  )

  (module Capacitor_SMD:C_0603_1608Metric (layer F.Cu) (tedit 5B301BBE) (tstamp 5BA9D3BB)
    (at 174.635001 58.175001)
    (descr "Capacitor SMD 0603 (1608 Metric), square (rectangular) end terminal, IPC_7351 nominal, (Body size source: http://www.tortai-tech.com/upload/download/2011102023233369053.pdf), generated with kicad-footprint-generator")
    (tags capacitor)
    (path /5BD866AF/5BDAFD59)
    (attr smd)
    (fp_text reference C6 (at 0 -1.43) (layer F.SilkS)
      (effects (font (size 1 1) (thickness 0.15)))
    )
    (fp_text value 0.1uF (at 0 1.43) (layer F.Fab)
      (effects (font (size 1 1) (thickness 0.15)))
    )
    (fp_text user %R (at 0 0) (layer F.Fab)
      (effects (font (size 0.4 0.4) (thickness 0.06)))
    )
    (fp_line (start 1.48 0.73) (end -1.48 0.73) (layer F.CrtYd) (width 0.05))
    (fp_line (start 1.48 -0.73) (end 1.48 0.73) (layer F.CrtYd) (width 0.05))
    (fp_line (start -1.48 -0.73) (end 1.48 -0.73) (layer F.CrtYd) (width 0.05))
    (fp_line (start -1.48 0.73) (end -1.48 -0.73) (layer F.CrtYd) (width 0.05))
    (fp_line (start -0.162779 0.51) (end 0.162779 0.51) (layer F.SilkS) (width 0.12))
    (fp_line (start -0.162779 -0.51) (end 0.162779 -0.51) (layer F.SilkS) (width 0.12))
    (fp_line (start 0.8 0.4) (end -0.8 0.4) (layer F.Fab) (width 0.1))
    (fp_line (start 0.8 -0.4) (end 0.8 0.4) (layer F.Fab) (width 0.1))
    (fp_line (start -0.8 -0.4) (end 0.8 -0.4) (layer F.Fab) (width 0.1))
    (fp_line (start -0.8 0.4) (end -0.8 -0.4) (layer F.Fab) (width 0.1))
    (pad 2 smd roundrect (at 0.7875 0) (size 0.875 0.95) (layers F.Cu F.Paste F.Mask) (roundrect_rratio 0.25)
      (net 4 GND))
    (pad 1 smd roundrect (at -0.7875 0) (size 0.875 0.95) (layers F.Cu F.Paste F.Mask) (roundrect_rratio 0.25)
      (net 5 AVCC))
    (model ${KISYS3DMOD}/Capacitor_SMD.3dshapes/C_0603_1608Metric.wrl
      (at (xyz 0 0 0))
